1 -0.3800985754 -0.9246782129 -0.0222547866 846.2467971 -0.9238107085 0.3807138797 -0.0403821316 3725.075626 0.0458131834 0.0052100195 -0.9989364384 115.2776042
9 -0.3347813841 -0.9419218697 -0.0265446075 846.339549 -0.9411483276 0.3356308054 -0.039897218 3725.29806 0.0464892502 0.0116255671 -0.998851138 115.2612811
14 -0.2929679928 -0.9557579557 -0.0263910066 846.4037923 -0.9550191477 0.2938440039 -0.0399265447 3725.508866 0.0459149518 0.013506717 -0.9988540363 115.2465809
22 -0.2558231063 -0.9664338707 -0.0236666831 846.4521737 -0.9656541932 0.2566147229 -0.0407536888 3725.723345 0.0454589646 0.0124280965 -0.9988888952 115.2352558
30 -0.2219808909 -0.9748851159 -0.0179859637 846.4980023 -0.9740961205 0.2225419341 -0.040147673 3725.955861 0.043142 0.0086080413 -0.9990318661 115.2302131
35 -0.1895911254 -0.9817211419 -0.0166974492 846.5432516 -0.9807647343 0.190155814 -0.0440602123 3726.191177 0.046429959 0.0080228441 -0.9988893296 115.2168146
53 -0.1525445919 -0.9882325582 -0.0112498162 846.5785177 -0.9877934309 0.1528202345 -0.0301680937 3726.412478 0.031532292 0.006510515 -0.9994815295 115.2403334
57 -0.1082222038 -0.9941266695 -0.0003459326 846.5941848 -0.9936405612 0.1081801536 -0.0312328284 3726.643638 0.0310868107 -0.0030363529 -0.9995120763 115.2390776
61 -0.0547405853 -0.9985001813 -0.0009253265 846.621932 -0.9983216314 0.0547482953 -0.0188823863 3726.877597 0.0189047262 -0.0001098594 -0.9998212837 115.2613816
65 0.0023287393 -0.9999954988 0.0018919159 846.6288611 -0.9999591597 -0.0023451675 -0.0087280603 3727.13067 0.0087324579 -0.0018715133 -0.99996012 115.2742539
