1 -0.3800985754 -0.9246782129 -0.0222547866 846.2467971 -0.9238107085 0.3807138797 -0.0403821316 3725.075626 0.0458131834 0.0052100195 -0.9989364384 115.2776042
9 -0.3347813841 -0.9419218697 -0.0265446075 846.339549 -0.9411483276 0.3356308054 -0.039897218 3725.29806 0.0464892502 0.0116255671 -0.998851138 115.2612811
14 -0.2929679928 -0.9557579557 -0.0263910066 846.4037923 -0.9550191477 0.2938440039 -0.0399265447 3725.508866 0.0459149518 0.013506717 -0.9988540363 115.2465809
22 -0.2558231063 -0.9664338707 -0.0236666831 846.4521737 -0.9656541932 0.2566147229 -0.0407536888 3725.723345 0.0454589646 0.0124280965 -0.9988888952 115.2352558
30 -0.2219808909 -0.9748851159 -0.0179859637 846.4980023 -0.9740961205 0.2225419341 -0.040147673 3725.955861 0.043142 0.0086080413 -0.9990318661 115.2302131
35 -0.1895911254 -0.9817211419 -0.0166974492 846.5432516 -0.9807647343 0.190155814 -0.0440602123 3726.191177 0.046429959 0.0080228441 -0.9988893296 115.2168146
53 -0.1525445919 -0.9882325582 -0.0112498162 846.5785177 -0.9877934309 0.1528202345 -0.0301680937 3726.412478 0.031532292 0.006510515 -0.9994815295 115.2403334
57 -0.1082222038 -0.9941266695 -0.0003459326 846.5941848 -0.9936405612 0.1081801536 -0.0312328284 3726.643638 0.0310868107 -0.0030363529 -0.9995120763 115.2390776
61 -0.0547405853 -0.9985001813 -0.0009253265 846.621932 -0.9983216314 0.0547482953 -0.0188823863 3726.877597 0.0189047262 -0.0001098594 -0.9998212837 115.2613816
65 0.0023287393 -0.9999954988 0.0018919159 846.6288611 -0.9999591597 -0.0023451675 -0.0087280603 3727.13067 0.0087324579 -0.0018715133 -0.99996012 115.2742539
69 0.0642815191 -0.9979308685 -0.0013667222 846.6271979 -0.9979236223 -0.0642864777 0.0039614309 3727.401817 -0.0040410959 0.0011092376 -0.9999912195 115.2893774
72 0.1161733098 -0.9932060553 -0.0067449163 846.6153979 -0.993100327 -0.1162648748 0.0153042248 3727.627879 -0.0159844456 0.0049204361 -0.9998601336 115.3010008
75 0.1751163175 -0.9845228213 -0.0070064074 846.5779264 -0.9841487516 -0.1752434976 0.0272204213 3727.881155 -0.0280269533 0.0021286072 -0.9996049014 115.3162343
78 0.2456445397 -0.9693201981 -0.0087814364 846.5115958 -0.9685021224 -0.2457981149 0.0398362363 3728.180733 -0.040772529 -0.0012807142 -0.9991676339 115.3323852
80 0.2985380325 -0.9543838545 -0.0051479537 846.4418261 -0.9531917136 -0.2984275268 0.0486473878 3728.408534 -0.0479645725 -0.0096161086 -0.9988027484 115.3459853
82 0.3576476644 -0.9337346763 0.0150898113 846.3224724 -0.9325837425 -0.3562701823 0.0579579192 3728.658842 -0.0487412691 -0.0348010271 -0.9982049775 115.3612702
84 0.4242638761 -0.9052048224 0.0245844057 846.1870052 -0.9040927236 -0.4218967346 0.0679668483 3728.934695 -0.0511518384 -0.0510624608 -0.9973846372 115.3718891
86 0.4969817925 -0.867343178 0.0269241435 846.0255143 -0.866224792 -0.4940177691 0.0748401866 3729.242197 -0.05161112 -0.0605165707 -0.9968320004 115.3842685
88 0.5714933084 -0.8203234189 0.0215612343 845.8273835 -0.8194528574 -0.5690998242 0.0679882687 3729.58618 -0.0435018743 -0.0565232557 -0.9974531109 115.3929584
89 0.6093533184 -0.792672868 0.0189276977 845.7098124 -0.7919556836 -0.6072910957 0.0632749583 3729.764818 -0.0386617204 -0.0535467036 -0.9978166274 115.3960082
90 0.6469271036 -0.7623224381 0.0187035543 845.5780391 -0.7618319108 -0.645056321 0.0592830703 3729.939073 -0.0331279688 -0.0526007895 -0.9980659771 115.3970233
91 0.6817824466 -0.7312756417 0.020214632 845.4367015 -0.7310482403 -0.6800216994 0.0560264111 3730.107804 -0.0272243613 -0.0529756948 -0.998224629 115.395786
92 0.7146302055 -0.6991895661 0.0209193695 845.2902203 -0.6991637463 -0.7130341568 0.052462817 3730.268142 -0.0217652293 -0.0521175785 -0.9984037424 115.3947419
93 0.7457477499 -0.6658753853 0.0216855894 845.1415394 -0.6660039084 -0.7442564896 0.0502102744 3730.416076 -0.0172941451 -0.0518868864 -0.9985032116 115.3951385
95 0.7986114544 -0.6015894101 0.0176047304 844.8547337 -0.6017483443 -0.7976094781 0.0414493735 3730.679203 -0.0108938044 -0.0436955618 -0.9989854968 115.3952555
97 0.8366538817 -0.5474783015 0.0166670826 844.6068207 -0.5477132458 -0.8359864691 0.0337168181 3730.870882 -0.0045257708 -0.0373380886 -0.9992924419 115.3929352
99 0.8603118468 -0.5094971615 0.0166183269 844.4173057 -0.5097616335 -0.8596793217 0.0330838463 3730.987449 -0.0025696937 -0.0369338104 -0.9993144101 115.3942543
106 0.8756958688 -0.4825939653 0.016118623 844.2574508 -0.4828272324 -0.8747361732 0.0414064113 3731.0665 -0.0058829417 -0.0440419334 -0.9990123618 115.3981776
116 0.8683599766 -0.495148401 0.0279107869 844.4543733 -0.4958854914 -0.8676887001 0.0348410557 3730.952973 0.0069663814 -0.0440951326 -0.9990030474 115.3795091
118 0.8627534212 -0.5049330977 0.026440518 844.65656 -0.505609096 -0.8619594592 0.0372200576 3730.833226 0.0039970156 -0.0454802985 -0.9989572395 115.3818896
120 0.8580099085 -0.5129272343 0.0269193087 844.9116257 -0.5136236704 -0.8571330882 0.03890494 3730.67869 0.003118027 -0.0472072182 -0.9988802513 115.3808961
122 0.8552298201 -0.517421517 0.0292733428 845.2247637 -0.5182327448 -0.854284158 0.0404153391 3730.486312 0.004095987 -0.049734808 -0.9987540597 115.377947
123 0.8544907254 -0.5185703539 0.0305022662 845.4057893 -0.5194465596 -0.8534997976 0.0413928405 3730.373678 0.0045685781 -0.0512140955 -0.9986772474 115.3758164
124 0.854266113 -0.5188952538 0.0312589797 845.6042737 -0.5198160075 -0.8532141693 0.042625105 3730.249351 0.0045526397 -0.0526621008 -0.9986020111 115.3745354
125 0.8546800452 -0.5181981459 0.0315071726 845.8206794 -0.5191355054 -0.8535997279 0.0431952733 3730.11617 0.0045108035 -0.0532746301 -0.9985697104 115.3742096
126 0.855941026 -0.5161388982 0.0310740682 846.05115 -0.5170587594 -0.8548228228 0.0439110561 3729.974457 0.0038986186 -0.0536523935 -0.9985520625 115.3757209
127 0.8579976863 -0.5127401937 0.0306180346 846.2967394 -0.5136437929 -0.8568231809 0.044989895 3729.824701 0.0031661143 -0.0543279892 -0.9985181247 115.3781838
128 0.8609050211 -0.5078504373 0.0305037352 846.5549675 -0.5087570005 -0.8596923067 0.0457761104 3729.667906 0.0029764088 -0.0549278721 -0.9984858887 115.3802939
129 0.8637599762 -0.5029780914 0.0305244668 846.8285753 -0.5038964759 -0.862480872 0.0470647108 3729.504122 0.0026542503 -0.0560337847 -0.9984253452 115.3803102
130 0.8661288768 -0.4988942468 0.0304187321 847.1150472 -0.4998126544 -0.8648554988 0.0470348461 3729.336287 0.0028423936 -0.0559419057 -0.9984299795 115.3777006
131 0.8674472042 -0.4966314933 0.02987487 847.4156169 -0.497519843 -0.8662347232 0.0459500822 3729.164717 0.0030583918 -0.054722611 -0.9984969114 115.3758339
132 0.8680709507 -0.4955779982 0.0292450378 847.7256742 -0.4964330434 -0.8668662394 0.0457947203 3728.988071 0.0026566802 -0.0542712695 -0.9985226945 115.3752074
133 0.8688700929 -0.494175415 0.0292475792 848.0430229 -0.4950344845 -0.8676253354 0.046552514 3728.804504 0.0023708328 -0.0549266475 -0.9984875776 115.3761719
134 0.8698270774 -0.4924438216 0.0299989652 848.3680823 -0.4933527329 -0.8684550686 0.0488761162 3728.616139 0.0019840119 -0.0573138408 -0.9983542394 115.3777547
135 0.8709801119 -0.4903650232 0.0305906652 848.7009305 -0.4913154248 -0.8694971882 0.0508310241 3728.423032 0.0016727411 -0.0593024767 -0.9982386579 115.3787543
136 0.8722345275 -0.4881071152 0.0309576003 849.0446459 -0.4890834819 -0.8707453436 0.0509891593 3728.227007 0.0020680149 -0.0596153562 -0.9982192808 115.3780126
137 0.873277845 -0.4861036643 0.0330004985 849.4026041 -0.4872018084 -0.8718601881 0.0499420698 3728.027356 0.0044947977 -0.0596912056 -0.9982067705 115.3743853
138 0.8745129836 -0.4838127671 0.0339447777 849.7755043 -0.4849603273 -0.8732119462 0.0481079825 3727.820316 0.0063657293 -0.0585329259 -0.9982651822 115.3711201
139 0.8760300927 -0.4810575091 0.0339845494 850.1658715 -0.482204014 -0.8747962895 0.0470185152 3727.605952 0.0071109479 -0.0575771203 -0.9983157364 115.3698051
140 0.8775543343 -0.478290215 0.0337173627 850.5719367 -0.4794169241 -0.8763868601 0.0458855574 3727.384694 0.0076028405 -0.0564317441 -0.9983775113 115.3697582
141 0.8792470296 -0.4751488924 0.0340322048 850.9951609 -0.4762801053 -0.8781994705 0.0438514678 3727.156349 0.0090510878 -0.0547651349 -0.9984582404 115.3694775
142 0.8809169802 -0.4720551813 0.0338995558 851.4346146 -0.4731804801 -0.879886035 0.0435981488 3726.91817 0.0092470137 -0.0544469577 -0.9984738462 115.3680549
143 0.8823630838 -0.4693730805 0.033530577 851.8915311 -0.4704886408 -0.8812880858 0.0444043766 3726.671497 0.008707879 -0.0549565383 -0.9984507758 115.3703417
144 0.8837500937 -0.4668317063 0.0324642873 852.3652183 -0.4678857473 -0.8827113404 0.0436304608 3726.419272 0.0082885121 -0.0537480011 -0.9985201315 115.3715002
145 0.8848176445 -0.4648920166 0.0311953337 852.8558433 -0.4658705075 -0.8838405425 0.0423150767 3726.1627 0.0078997593 -0.0519741125 -0.9986171866 115.3728788
146 0.8856076523 -0.4635336318 0.0289077574 853.3649488 -0.4643812887 -0.8847290028 0.0400575871 3725.900607 0.0070074925 -0.0488995273 -0.9987791204 115.3748078
147 0.8862593991 -0.4623601615 0.0277012385 853.8882299 -0.4631454677 -0.8854116608 0.0392742499 3725.629161 0.0063681511 -0.0476368762 -0.9988444197 115.3766023
148 0.8869338481 -0.4610097217 0.0286074405 854.4245681 -0.4618356032 -0.8861198947 0.0387221883 3725.347741 0.0074983169 -0.047555954 -0.9988404309 115.3769083
149 0.8875934043 -0.4597287494 0.0287650086 854.9752269 -0.4605574801 -0.8868168083 0.0379836281 3725.059619 0.0080471272 -0.0469619577 -0.9988642642 115.3765691
150 0.8883263934 -0.4583562026 0.02803231 855.5402509 -0.4591406424 -0.8876114422 0.0365485722 3724.767947 0.0081295343 -0.0453378341 -0.9989386325 115.3788849
151 0.8890900813 -0.4569904867 0.0260484605 856.1176687 -0.4576775479 -0.8884230503 0.0351531756 3724.472899 0.0070773859 -0.0431761353 -0.9990424075 115.3782105
152 0.8897887084 -0.4557519278 0.0237956889 856.705176 -0.4563452389 -0.8890970038 0.0354336106 3724.172857 0.0050077394 -0.0423874759 -0.999088697 115.3839208
153 0.8905323606 -0.4543918932 0.0219116887 857.3005895 -0.4549076673 -0.8898280512 0.0355675918 3723.867863 0.0033360099 -0.0416418867 -0.9991270311 115.3877415
154 0.8911392933 -0.4532635356 0.020565196 857.9021074 -0.4537211339 -0.8904870493 0.034204499 3723.563793 0.0028093885 -0.0398118371 -0.9992032451 115.3902034
155 0.891538136 -0.4525489038 0.0189536739 858.508333 -0.4529370304 -0.8909983016 0.0311459972 3723.260277 0.0027926044 -0.036352665 -0.9993351215 115.3902745
156 0.8914785773 -0.452697703 0.0181861489 859.1194209 -0.4530494669 -0.8910423044 0.0281032448 3722.954582 0.0034823536 -0.0332926658 -0.9994395788 115.388553
157 0.8909052806 -0.453851137 0.0175193195 859.7332495 -0.4541716915 -0.8905462221 0.0256027546 3722.646856 0.0039819245 -0.0307664082 -0.9995186704 115.3892492
158 0.8900641969 -0.4555184169 0.0169910948 860.3490339 -0.4558173011 -0.8897410157 0.0243210409 3722.33364 0.0040389919 -0.0293921227 -0.9995597979 115.3911721
159 0.88925312 -0.4571207842 0.0164157627 860.9707007 -0.4573981009 -0.8889590976 0.0232099126 3722.018133 0.0039832081 -0.0281480258 -0.9995958297 115.3933536
160 0.8881481917 -0.4593008203 0.0153475129 861.5961025 -0.459539806 -0.8879095244 0.0209724398 3721.699261 0.0039945441 -0.0256794276 -0.9996622483 115.3948132
161 0.8865452492 -0.462414548 0.0145019657 862.2282819 -0.4626238271 -0.8863520066 0.0189556089 3721.376484 0.0040884971 -0.0235139599 -0.9997151484 115.3967472
162 0.8850978785 -0.4652130804 0.0133617086 862.8635651 -0.4653923889 -0.884919929 0.0180732867 3721.048185 0.0034161128 -0.0222150652 -0.9997473786 115.4005705
163 0.8838903967 -0.4675396404 0.0120187871 863.5018053 -0.4676884611 -0.8837139866 0.0178071132 3720.713193 0.0022956389 -0.0213605844 -0.9997692011 115.4027725
164 0.8828524104 -0.4695420599 0.0100933408 864.1452902 -0.4696504542 -0.8826606694 0.0184009098 3720.373182 0.0002689939 -0.0209856297 -0.9997797412 115.4064718
165 0.8820647419 -0.4710349704 0.0093727099 864.7924607 -0.4711281846 -0.8818834783 0.0178819556 3720.030479 -0.0001573885 -0.0201887904 -0.9997961732 115.4100089
166 0.8814336997 -0.4722350719 0.0082867287 865.4428702 -0.4723067988 -0.8812605546 0.0174963651 3719.684523 -0.0009596301 -0.0193357641 -0.9998125861 115.4104182
167 0.8807509815 -0.4735171664 0.0076942574 866.0969978 -0.4735760595 -0.880564522 0.0182164348 3719.334323 -0.0018505045 -0.019687959 -0.9998044608 115.4093486
168 0.8802134211 -0.4745275731 0.0069221151 866.7531074 -0.474572293 -0.8800371984 0.0177670545 3718.980681 -0.0023392385 -0.0189238438 -0.9998181915 115.4079693
169 0.879503611 -0.4758648577 0.0051025049 867.4155686 -0.4758741982 -0.879326472 0.0181301725 3718.624562 -0.0041407443 -0.0183737026 -0.9998226149 115.4094137
170 0.8791363256 -0.4765462873 0.0047913504 868.082515 -0.4765495997 -0.8789597011 0.018174788 3718.263723 -0.0044497238 -0.0182614324 -0.9998233444 115.4082061
171 0.8789452078 -0.4768925428 0.0053688358 868.7554689 -0.4769026112 -0.8787488934 0.019086164 3717.898043 -0.0043841908 -0.0193361042 -0.9998034277 115.4046885
172 0.8790712083 -0.4766443815 0.0066290474 869.4323846 -0.4766726501 -0.8788330655 0.0208716938 3717.527136 -0.0041225495 -0.0215075907 -0.9997601853 115.4013512
173 0.8795853667 -0.4756963498 0.0065242295 870.1183046 -0.4757202867 -0.8793359547 0.0214123255 3717.153735 -0.0044487755 -0.0219376765 -0.999749442 115.3966953
174 0.8804612922 -0.4740783221 0.0061365617 870.8098437 -0.4740944885 -0.8802148141 0.0213611097 3716.78073 -0.0047253465 -0.0217169403 -0.9997529923 115.3931694
175 0.8819854561 -0.4712172038 0.0074834527 871.5074904 -0.4712570512 -0.8816929167 0.0231169264 3716.403167 -0.0042949862 -0.0239154228 -0.9997047592 115.3904667
176 0.8839200423 -0.4675393144 0.009609802 872.2085609 -0.4676319331 -0.8836165771 0.0232834661 3716.024895 -0.0023945554 -0.0250745727 -0.9996827156 115.3866933
177 0.885530176 -0.4644520045 0.0109837572 872.9173856 -0.4645798751 -0.8852097056 0.0238603603 3715.64765 -0.0013590637 -0.0262319016 -0.9996549606 115.3833724
178 0.8873297598 -0.4609752246 0.0121548223 873.6358609 -0.4611354264 -0.8870286406 0.0231151327 3715.270639 0.000126172 -0.0261157644 -0.9996589173 115.3809292
179 0.8894709979 -0.456838855 0.0118154332 874.3597664 -0.4569910837 -0.889132866 0.0245335681 3714.892845 -0.0007023971 -0.0272214449 -0.999629181 115.3792531
180 0.8916352547 -0.4525543151 0.0134597381 875.0886346 -0.4527537057 -0.8912928625 0.0247207464 3714.517041 0.000809088 -0.0281358353 -0.9996037816 115.3780535
181 0.8935537404 -0.4487239599 0.0144402532 875.824327 -0.4489508935 -0.8932378606 0.0238583232 3714.144168 0.0021927797 -0.0278016585 -0.9996110541 115.3768969
182 0.8951964235 -0.4454011325 0.0155304367 876.5642805 -0.4456565433 -0.8949105214 0.0229216968 3713.772974 0.0036890015 -0.0274406617 -0.9996166272 115.3757924
183 0.8960669959 -0.4436892059 0.0142768123 877.3133805 -0.4439112533 -0.8957762116 0.0229734176 3713.399887 0.0025957715 -0.0269233589 -0.9996341304 115.3758571
184 0.8958031744 -0.4442754805 0.0124888026 878.0679144 -0.4444499811 -0.8955069869 0.0230532143 3713.027076 0.0009418321 -0.0262017906 -0.9996562305 115.3791983
185 0.895195126 -0.445549723 0.0105418523 878.82487 -0.4456737488 -0.8949023443 0.0229064163 3712.652952 -0.0007720191 -0.0252039391 -0.9996820322 115.3810985
186 0.8947056546 -0.4465290022 0.0106602882 879.5815029 -0.4466544675 -0.8943801276 0.0241655544 3712.276204 -0.001256271 -0.0263825236 -0.9996511313 115.3819328
187 0.8943151939 -0.4472958216 0.0112597501 880.3382636 -0.4474355741 -0.8939538771 0.0254533421 3711.894462 -0.0013194763 -0.0278013234 -0.9996125977 115.3816746
188 0.8938946242 -0.4481198116 0.0118758297 881.0981574 -0.4482763067 -0.8935279044 0.0256171201 3711.510685 -0.0008681538 -0.028222659 -0.9996012844 115.3807406
189 0.8933525226 -0.4492135516 0.0113338169 881.8640086 -0.4493548715 -0.8929970171 0.0252294862 3711.126654 -0.0012123624 -0.027631731 -0.9996174356 115.3791512
190 0.8928350919 -0.4502515779 0.0109094119 882.633963 -0.4503785828 -0.8924472039 0.0264030366 3710.736696 -0.0021519348 -0.0284869231 -0.9995918489 115.3794887
191 0.8923541535 -0.4512461964 0.0089963858 883.4040115 -0.451311621 -0.8919223269 0.0281493079 3710.345024 -0.0046781908 -0.0291793253 -0.9995632454 115.3789581
192 0.8918427361 -0.4522966657 0.0066528422 884.1733456 -0.452296789 -0.8914340301 0.0278026001 3709.956789 -0.0066444533 -0.0278046061 -0.999591294 115.3781491
193 0.891301726 -0.4533700281 0.0060704885 884.9388423 -0.4533560503 -0.890906681 0.0274513644 3709.56848 -0.0070373871 -0.0272195412 -0.9996047078 115.3762708
194 0.8908808289 -0.4541859412 0.0068175945 885.7021926 -0.454208861 -0.8905577156 0.0245207227 3709.18277 -0.0050655062 -0.0249416536 -0.9996760748 115.3703688
195 0.8902811268 -0.4553327135 0.0084637586 886.4620398 -0.4554035784 -0.8900034281 0.0223937196 3708.79616 -0.0026638189 -0.0237911319 -0.999713402 115.3622742
196 0.8896283555 -0.4566151328 0.0080005972 887.2202021 -0.4566796437 -0.8893944046 0.0205254991 3708.410091 -0.0022565671 -0.0219137759 -0.9997573177 115.3595423
197 0.8890031456 -0.4578721111 0.0051514137 887.9735031 -0.4578780784 -0.8887894324 0.0200252392 3708.024889 -0.0045904765 -0.0201612201 -0.9997862035 115.35994
198 0.8883510157 -0.4591413964 0.0046530687 888.7202567 -0.4591405219 -0.8881535161 0.0193213093 3707.640867 -0.0047385736 -0.0193005171 -0.9998024985 115.3611704
199 0.8878327975 -0.4601346775 0.0053853815 889.4607419 -0.4601602686 -0.8877011908 0.015463607 3707.262131 -0.0023347322 -0.0162072361 -0.9998659283 115.3588482
200 0.8872050729 -0.4613266544 0.0066989899 890.1942341 -0.4613741051 -0.8870763579 0.0151482788 3706.882672 -0.0010457892 -0.0165303703 -0.9998628172 115.3562488
201 0.8867811043 -0.4621627463 0.004986879 890.9213491 -0.4621784101 -0.8866326702 0.0165416233 3706.500848 -0.0032233922 -0.0169736268 -0.9998507417 115.35773
202 0.8860578929 -0.4635644355 0.0030699391 891.6383791 -0.4635342602 -0.8858739973 0.0190591315 3706.123259 -0.0061155563 -0.0183105158 -0.9998136451 115.3647905
203 0.8856655452 -0.464319603 0.0019617129 892.3472291 -0.4642629496 -0.8854733075 0.0199232351 3705.749703 -0.0075137042 -0.0185560735 -0.9997995881 115.366813
204 0.8855351032 -0.4645603598 0.0033545671 893.046279 -0.4645460977 -0.8853848078 0.0170489052 3705.385944 -0.0049501628 -0.0166557551 -0.9998490295 115.3660804
205 0.8854228466 -0.4647521926 0.0056375674 893.7320931 -0.4647747124 -0.8852495212 0.0178255986 3705.024174 -0.0032938322 -0.018403391 -0.9998252177 115.3623217
206 0.8859318363 -0.4637380616 0.0084729958 894.4030761 -0.4638135703 -0.8857282322 0.0190386649 3704.665554 -0.0013241819 -0.0207968498 -0.9997828452 115.3631602
207 0.8870895919 -0.4615447109 0.0069667656 895.0671178 -0.4615865505 -0.886864977 0.0202081412 3704.316727 -0.0031483802 -0.0211421971 -0.9997715215 115.3693399
208 0.8893232027 -0.4572214463 0.007265686 895.717876 -0.4572681212 -0.8890789858 0.0210813273 3703.975718 -0.0031790662 -0.0220704801 -0.9997513628 115.3727751
209 0.8926691598 -0.450680512 0.0053709708 896.3581549 -0.4506871231 -0.8924289971 0.0212509333 3703.643935 -0.0047841714 -0.0213906802 -0.9997597464 115.3754893
210 0.8963581312 -0.4433054849 0.0047273266 896.9905368 -0.4433010246 -0.8961238395 0.021125005 3703.32769 -0.0051285605 -0.0210311988 -0.9997656658 115.3785891
211 0.9005025371 -0.434839826 0.0030832482 897.6148584 -0.4348155015 -0.9003166101 0.0191175629 3703.023181 -0.0055371782 -0.018556058 -0.9998124886 115.3806882
212 0.9054041084 -0.4245461435 0.0019931172 898.22809 -0.4245095571 -0.9052406761 0.0181921458 3702.728865 -0.0059191545 -0.0173173409 -0.9998325226 115.3819069
213 0.9114139954 -0.4114821416 0.002641248 898.8341868 -0.4114537121 -0.9112275118 0.0192422589 3702.444616 -0.0055110681 -0.0186244154 -0.9998113618 115.3838831
214 0.9187824948 -0.3947549666 0.0026914061 899.432804 -0.3947256482 -0.9185763465 0.0202276625 3702.171234 -0.0055127082 -0.0196471893 -0.9997917773 115.3846976
215 0.9270567644 -0.3749154106 0.0020470629 900.0299367 -0.3748833828 -0.9268725927 0.0192261879 3701.915441 -0.0053108277 -0.0185911774 -0.9998130641 115.3861546
216 0.9360000605 -0.3519979898 0.0011410202 900.6275353 -0.3519566673 -0.9358295788 0.0186950179 3701.675537 -0.0055128083 -0.0179001276 -0.9998245818 115.385931
217 0.9456983884 -0.325045339 0.0002929678 901.2255781 -0.325003212 -0.9455605211 0.0169768431 3701.453695 -0.0052412249 -0.0161501887 -0.9998558401 115.3855187
218 0.9555017253 -0.2949855099 -4.35928e-05 901.8253913 -0.294953181 -0.9553991743 0.014664203 3701.251909 -0.0043673759 -0.0139988134 -0.9998924738 115.3842006
219 0.9654213528 -0.2606943102 -0.0002971219 902.4243347 -0.2606702256 -0.9653464536 0.012540259 3701.071241 -0.0035559997 -0.012029183 -0.9999213237 115.3825924
220 0.9747343615 -0.2233658985 -0.0007744945 903.0242084 -0.2233433137 -0.9746748378 0.0112572116 3700.91222 -0.0032693575 -0.0107998128 -0.9999363356 115.3827501
221 0.9830597732 -0.1832488001 -0.0036550706 903.6270374 -0.183198339 -0.9830122773 0.0111906791 3700.777295 -0.0056436578 -0.0103315036 -0.9999307022 115.3823626
222 0.9901129747 -0.1400725532 -0.0074817835 904.2321901 -0.1399917988 -0.9900979804 0.0104060325 3700.668545 -0.0088652983 -0.0092557594 -0.9999178653 115.3852673
223 0.9955163666 -0.0939163577 -0.0112641728 904.8355866 -0.0938113551 -0.9955445236 0.0095147836 3700.585648 -0.0121075794 -0.0084154155 -0.9998912877 115.3863472
224 0.9988295198 -0.0462238947 -0.0142457699 905.4392163 -0.0461145546 -0.9989048349 0.007910665 3700.532936 -0.0145958301 -0.0072444684 -0.9998672309 115.3832607
225 0.9998839803 0.0021355743 -0.0150819514 906.0386433 0.0022271742 -0.9999791621 0.0060592965 3700.507887 -0.0150686971 -0.0060921837 -0.9998679011 115.3784001
226 0.9985288127 0.0516827306 -0.0164044363 906.6335254 0.0517317521 -0.9986576893 0.0025778791 3700.512858 -0.0162491846 -0.0034227168 -0.999862115 115.3711464
227 0.9946908531 0.1013237695 -0.017988898 907.2244267 0.1013519357 -0.9948504165 0.0006586941 3700.547062 -0.0178295213 -0.0024784066 -0.9998379697 115.3618216
228 0.9883753679 0.1511060338 -0.0167659984 907.8066039 0.1511720597 -0.9885036789 0.0027358867 3700.604523 -0.0161598421 -0.0052386336 -0.9998556977 115.3564197
229 0.9796115768 0.2004135613 -0.0139843882 908.3801451 0.2005239343 -0.9796639279 0.006981415 3700.688274 -0.0123008304 -0.0096432795 -0.9998778409 115.3523949
230 0.9684884653 0.2488870396 -0.0092376434 908.9425214 0.2489595922 -0.9684827888 0.0077594612 3700.803367 -0.0070152694 -0.0098147486 -0.9999272257 115.3445406
231 0.9547433363 0.2974187799 0.0026890992 909.4883339 0.2973832843 -0.9547131919 0.0092684154 3700.948263 0.0053239193 -0.0080492647 -0.9999534315 115.3292743
232 0.9383694118 0.3455218523 0.008803215 910.0284381 0.3453853693 -0.938356118 0.0140264905 3701.113785 0.0131070096 -0.010121528 -0.9998628711 115.3245545
233 0.9198867786 0.3920835965 0.0088751238 910.5654052 0.3918580612 -0.9198092926 0.0199530735 3701.304425 0.0159866942 -0.0148767797 -0.9997615251 115.3287102
234 0.8991592501 0.4375645237 0.0070661559 911.0913518 0.4373772155 -0.8990795374 0.0188985933 3701.528705 0.0146223902 -0.0139022694 -0.9997964356 115.3333001
235 0.8767000087 0.4810297934 0.0027263014 911.6054402 0.4809317762 -0.8766120418 0.0159985871 3701.783428 0.0100857057 -0.0127147964 -0.9998682976 115.3467235
236 0.8518586763 0.5237683999 -0.0018598144 912.1065729 0.5237490481 -0.8517834379 0.0123251576 3702.060019 0.0048713689 -0.0114733685 -0.9999223128 115.3608896
237 0.8249275031 0.5652151471 -0.0051431625 912.5929504 0.5652212559 -0.8247969488 0.0153272643 3702.353758 0.0044211372 -0.0155509067 -0.9998693029 115.371465
238 0.7959839065 0.6052690128 -0.0076839196 913.0631493 0.6053103751 -0.7958472208 0.0150516075 3702.672984 0.0029950456 -0.0166319936 -0.999857193 115.3775051
239 0.7653538347 0.6435447681 -0.0091454387 913.5140981 0.6436097479 -0.7652766861 0.0108667454 3703.023593 -5.5538e-06 -0.0142029988 -0.9998991323 115.3800482
240 0.7334414069 0.6796477454 -0.011943404 913.9532669 0.6797487772 -0.7333834998 0.0094995794 3703.395028 -0.0023027277 -0.0150858991 -0.9998835498 115.3800734
241 0.7003801674 0.7135926981 -0.0159085603 914.3763526 0.7137376637 -0.7003866301 0.006092269 3703.789419 -0.0067947443 -0.0156214431 -0.9998548905 115.383853
242 0.6676242065 0.7442985769 -0.0172495608 914.7834133 0.7444508003 -0.6676643708 0.0041585856 3704.207273 -0.0084216878 -0.0156178217 -0.999842567 115.3899579
243 0.6356015784 0.7718635558 -0.0154040528 915.1716443 0.7719931573 -0.6356128433 0.004783151 3704.644429 -0.0060990739 -0.0149320017 -0.9998699099 115.3872533
244 0.6047186709 0.7963745332 -0.0101455344 915.5421178 0.7964390651 -0.6046756167 0.0072259353 3705.100227 -0.0003802064 -0.012449958 -0.999922424 115.3767539
245 0.5752241427 0.8179852798 -0.0041554362 915.8977575 0.8179738241 -0.5751639759 0.0102578704 3705.57371 0.0060007298 -0.0092996127 -0.9999387523 115.3669707
246 0.5479667346 0.836483554 -0.0052651481 916.2446039 0.8364795615 -0.5478982771 0.0104604561 3706.067128 0.0058652339 -0.0101361707 -0.9999314262 115.3636869
247 0.5234983542 0.8520048101 -0.0061054646 916.5771988 0.8520220863 -0.5234585423 0.0070369686 3706.580555 0.0027995735 -0.0088858322 -0.9999566012 115.3680511
248 0.5004380769 0.8657589701 -0.0048100731 916.8949371 0.8657720482 -0.500425689 0.003590323 3707.111251 0.0007012703 -0.0059611612 -0.9999819862 115.3694394
249 0.4788648148 0.8778851766 -0.0024709843 917.2018051 0.8778880718 -0.4788593583 0.0024996592 3707.652645 0.0010111597 -0.0033662465 -0.999993823 115.3758197
250 0.4600164525 0.887909624 0.0011675134 917.4982602 0.8879007041 -0.4600171781 0.0040663867 3708.20573 0.0041476601 -0.0008339688 -0.9999910507 115.3700861
251 0.4434787229 0.8962774993 0.0036423346 917.7891562 0.8962636879 -0.443492524 0.0050776929 3708.773981 0.0061663701 0.0010126434 -0.999980475 115.3620903
252 0.4298392557 0.9028905005 0.0051921503 918.075875 0.9029032946 -0.429843637 -0.0002972786 3709.361051 0.0019634027 0.0048157916 -0.9999864765 115.3589262
253 0.420730775 0.9071631689 0.0063718133 918.3571869 0.9071766251 -0.4206851111 -0.0073897374 3709.964127 -0.0040231706 0.00888945 -0.9999523948 115.3633099
254 0.415815548 0.9094087784 0.0085500703 918.6341675 0.9093929254 -0.415667177 -0.0150101675 3710.58225 -0.0100963945 0.0140168345 -0.9998507845 115.3674891
255 0.414903295 0.909799627 0.0109496325 918.9130878 0.9098112152 -0.4147170156 -0.0159169604 3711.205609 -0.0099402457 0.0165660977 -0.9998133605 115.3629306
256 0.4162615953 0.9091445276 0.0135097091 919.1971359 0.9091857912 -0.4160191736 -0.0175853435 3711.838855 -0.0103673208 0.0196029387 -0.9997540915 115.349809
257 0.4191190091 0.907805065 0.0151400177 919.4909718 0.9079171686 -0.418961153 -0.0125685004 3712.479744 -0.005066669 0.0190135794 -0.9998063876 115.3402223
258 0.4227321127 0.9060868553 0.017440513 919.7887155 0.9062537841 -0.4226805953 -0.0067225901 3713.125751 0.0012805159 0.0186473856 -0.9998253024 115.3333061
259 0.4270942405 0.9039384595 0.0220402175 920.0911245 0.9041730469 -0.4271628518 -0.0017318613 3713.779018 0.0078492661 0.0206678386 -0.9997555849 115.3247067
260 0.4311151054 0.9019512798 0.0249730809 920.4013446 0.9022264868 -0.4312621623 0.000560292 3714.44515 0.011275301 0.0222898247 -0.999687967 115.3153092
261 0.4350979338 0.9000281383 0.0252811838 920.7202913 0.9003602689 -0.4351154459 -0.0050926382 3715.123844 0.0064167159 0.0249779698 -0.9996674081 115.3157447
262 0.4394510883 0.8979468709 0.0239615934 921.0452929 0.898262117 -0.4392090349 -0.0148523665 3715.814843 -0.0028124878 0.0280506802 -0.9996025456 115.3266427
263 0.4435166536 0.8958624364 0.0268974547 921.3700827 0.8962286158 -0.4430237481 -0.0224549949 3716.510925 -0.0082003752 0.0340654328 -0.9993859615 115.3295681
264 0.4474527146 0.8938124377 0.0297555792 921.7021679 0.8942733917 -0.446896892 -0.0236277119 3717.205797 -0.0078210669 0.0371819066 -0.9992779077 115.3215308
265 0.4505774781 0.8921490261 0.0324044985 922.0455463 0.8927204835 -0.4500490819 -0.0224936043 3717.901289 -0.0054840324 0.0390632711 -0.9992216902 115.3082727
266 0.4540191788 0.8903514719 0.033776349 922.3953209 0.8909836139 -0.4535250109 -0.0215235725 3718.60286 -0.0038451254 0.0398662882 -0.9991976251 115.3019947
267 0.4571922792 0.8886455949 0.0358361051 922.7501427 0.8893554915 -0.4566019705 -0.0236949425 3719.312822 -0.00469357 0.0427041817 -0.9990767354 115.2954013
268 0.4601332845 0.887211003 0.0336748664 923.113846 0.8878200123 -0.4594757805 -0.0256443547 3720.023332 -0.0072791682 0.0416970415 -0.9991037836 115.2914847
269 0.4629083107 0.8857993275 0.0327940135 923.4801123 0.8863613304 -0.4621958828 -0.0271764224 3720.732692 -0.0089155987 0.0416475372 -0.9990925857 115.2907019
270 0.4662841835 0.8840459143 0.0322781902 923.8463274 0.8845960542 -0.4656108613 -0.0263883835 3721.439905 -0.0082994667 0.0408576455 -0.9991305078 115.2883416
271 0.4695932753 0.8822133806 0.0343759632 924.2115359 0.8828716194 -0.4690346755 -0.0233275996 3722.142181 -0.0044564017 0.0413040462 -0.9991366855 115.2802714
272 0.4726752779 0.8805929398 0.033677233 924.5824132 0.8812357561 -0.4722742369 -0.0195086471 3722.840274 -0.0012742874 0.0388988371 -0.9992423413 115.2743767
273 0.4750792407 0.8793761747 0.031579398 924.9583296 0.8799426812 -0.4748044259 -0.0161751344 3723.536099 0.0007700101 0.0354725307 -0.9993703551 115.275602
274 0.4777451594 0.8780398159 0.0283838743 925.3350874 0.8784984553 -0.4774897058 -0.0156219375 3724.227806 -0.0001636753 0.0323984948 -0.9994750176 115.2779153
275 0.480463269 0.8766710405 0.024554711 925.7145686 0.8770146457 -0.4802556961 -0.0141342688 3724.914277 -0.0005985643 0.0283258382 -0.9995985637 115.28142
276 0.4829242954 0.8754228802 0.0204671898 926.0963378 0.8756609492 -0.4827537217 -0.0129130259 3725.599548 -0.0014237463 0.0241583327 -0.9997071311 115.2867815
277 0.4856756467 0.8739781973 0.0167713137 926.4792836 0.8741383173 -0.485560137 -0.0106562507 3726.28281 -0.0011698494 0.0198359294 -0.9998025642 115.2890879
278 0.4882790539 0.8725319621 0.0164784911 926.8608489 0.872687495 -0.4881850691 -0.0095851109 3726.965487 -0.0003187623 0.019060782 -0.999818276 115.2869512
279 0.4907987653 0.8711191458 0.0163708841 927.243566 0.87127292 -0.4907178352 -0.0089165609 3727.647116 0.0002660979 0.0186397451 -0.9998262294 115.2878291
280 0.4935817975 0.8695826012 0.0142516256 927.6288912 0.8696993625 -0.4935123551 -0.0082809595 3728.323822 -0.000167625 0.0164819606 -0.9998641492 115.2909794
281 0.496324549 0.8680303904 0.0136082153 928.0176019 0.8681368523 -0.496274102 -0.0071007995 3729.000696 0.0005896951 0.0153380943 -0.9998821906 115.2921234
282 0.499319613 0.8663230338 0.0128189426 928.4094946 0.866417722 -0.4992734979 -0.0068047954 3729.681817 0.0005050073 0.0145043269 -0.9998946792 115.2944442
283 0.5021997915 0.8646688076 0.0119675646 928.8046329 0.8647515399 -0.5021455806 -0.0073885195 3730.366052 -0.0003791627 0.0140594828 -0.9999010887 115.2973918
284 0.5052103103 0.8629408899 0.0097756272 929.2051483 0.8629885667 -0.5051255683 -0.0099445468 3731.056675 -0.0036436369 0.0134603421 -0.9999027668 115.298036
285 0.5083241753 0.8611340501 0.0073946303 929.6121083 0.861143414 -0.5082303105 -0.0115746297 3731.749067 -0.0062091325 0.0122515012 -0.9999056692 115.3006184
286 0.5113461988 0.8593568152 0.0055613906 930.021356 0.8593415823 -0.5112588121 -0.0121025598 3732.441344 -0.0075571073 0.0109677322 -0.9999112956 115.3015477
287 0.5141919036 0.8576663733 0.0038830832 930.4363002 0.8576527476 -0.5141404621 -0.0095577068 3733.134814 -0.0062008736 0.0082448324 -0.9999467845 115.2973035
288 0.5161129488 0.856518322 0.0019463326 930.8558371 0.8565109927 -0.5160951421 -0.0058926776 3733.82678 -0.0040426936 0.0047083425 -0.9999807439 115.2917015
289 0.5168980687 0.8560467712 0.0005586529 931.2771852 0.8560449501 -0.5168953371 -0.002500756 3734.517102 -0.0018519991 0.0017708679 -0.9999967171 115.2881619
290 0.5168992988 0.8560448992 -0.0014984703 931.699569 0.8560455029 -0.5169003306 -0.0003811839 3735.20801 -0.0011008703 -0.0010857251 -0.9999988046 115.2870735
291 0.5161266525 0.8565047971 -0.00357926 932.122803 0.856508362 -0.5161324205 -0.0008662291 3735.903808 -0.0025893015 -0.0026185822 -0.9999932192 115.2876142
292 0.5144827787 0.8574714387 -0.0070853563 932.546811 0.8574794036 -0.5145106813 -0.0027984297 3736.601287 -0.006045065 -0.0046358032 -0.9999709828 115.289628
293 0.5118335687 0.8590249433 -0.0101264422 932.9688413 0.8590421215 -0.5118899434 -0.0039139972 3737.298441 -0.0085458451 -0.0066957252 -0.9999410662 115.291751
294 0.5085731817 0.860921433 -0.0129462327 933.3883028 0.8609586485 -0.5086578634 -0.0041693549 3737.997715 -0.0101746901 -0.0090257489 -0.9999075015 115.288827
295 0.5045794084 0.8632624883 -0.0133227959 933.8006188 0.8633173289 -0.5046539511 -0.0027530604 3738.695836 -0.0091000154 -0.010112663 -0.9999074576 115.2843506
296 0.4997699674 0.8660579639 -0.0131750847 934.2093568 0.8661178341 -0.4998356753 -0.0020482268 3739.3977 -0.0083592604 -0.0103875336 -0.999911107 115.2780426
297 0.4947126923 0.8689387002 -0.0143138901 934.6159256 0.8690274371 -0.4947638951 -4.14161e-05 3740.099288 -0.0071179841 -0.0124186741 -0.9998975502 115.2732952
298 0.4896339952 0.8718109953 -0.0142877265 935.0181044 0.8719074984 -0.4896692544 0.0011556632 3740.801839 -0.0059887405 -0.0130234278 -0.9998972574 115.2685712
299 0.4861314367 0.8737822231 -0.0134481499 935.4133686 0.8738704778 -0.4861562478 0.0015782019 3741.510451 -0.0051588973 -0.0125191548 -0.9999083241 115.2662409
300 0.4839626124 0.8750084487 -0.0118492449 935.805873 0.8750766621 -0.4839825509 0.0013137049 3742.222213 -0.0045853249 -0.0110047817 -0.9999289323 115.2624824
301 0.4818864591 0.8761583446 -0.0114889416 936.198185 0.8762195497 -0.481911702 0.000642107 3742.93273 -0.004974068 -0.0103762579 -0.9999337938 115.2601308
302 0.4793358644 0.8775670363 -0.0106407681 936.5887939 0.8776181147 -0.4793603722 0.0002797291 3743.649278 -0.0048552815 -0.009472615 -0.9999433463 115.2608065
303 0.4768213103 0.8789658943 -0.0077714006 936.977813 0.8789931302 -0.4768343953 0.0001911332 3744.367052 -0.0035376715 -0.0069221441 -0.9999697839 115.2577209
304 0.4746496996 0.8801503071 -0.0065650298 937.3659272 0.8801737468 -0.474647422 0.0020000369 3745.087988 -0.0013557414 -0.0067276838 -0.9999764498 115.2533276
305 0.471957153 0.8816013403 -0.0059600816 937.7517072 0.8816212636 -0.4719414398 0.0039019092 3745.809931 0.0006271188 -0.0070960686 -0.9999746259 115.2514847
306 0.4689318144 0.8832236829 -0.0043450474 938.1378727 0.8832328416 -0.4689161744 0.0041675937 3746.538579 0.0016434545 -0.0057920059 -0.9999818757 115.2502535
307 0.4658143978 0.8848673466 -0.0051696869 938.5241026 0.8848819566 -0.4658123464 0.0016675552 3747.271331 -0.0009325389 -0.0053513339 -0.9999852467 115.2519581
308 0.4626295993 0.8865259908 -0.0067469702 938.9101275 0.8865467654 -0.4626389458 0.0001963873 3748.00527 -0.0029473087 -0.0060723591 -0.9999772197 115.2540285
309 0.4597411704 0.8879950036 -0.0101454349 939.2971498 0.8880359146 -0.4597731238 -0.0009428926 3748.741984 -0.0055018822 -0.008576024 -0.9999480892 115.2579262
310 0.4579203133 0.8889093713 -0.012211318 939.6833665 0.8889555127 -0.4579842305 -0.0029224998 3749.487018 -0.0081904285 -0.0095170465 -0.9999211682 115.2523824
311 0.4570498834 0.8894058549 -0.0079138687 940.0590443 0.8893015271 -0.4571176913 -0.0136458861 3750.239236 -0.0157543004 -0.0008009649 -0.9998755725 115.2450826
312 0.4583993402 0.8887397715 -0.0034151784 940.4313159 0.8886172925 -0.4583948795 -0.0152788078 3750.988186 -0.0151443844 0.0039690089 -0.9998774398 115.2421748
313 0.4615186518 0.8871298385 0.0010879999 940.8091225 0.8871119187 -0.4615006962 -0.0070392533 3751.727715 -0.005742619 0.0042139243 -0.9999746323 115.2328782
314 0.4673003564 0.8840445356 0.0097793689 941.1853051 0.8840653943 -0.4673501078 0.0035007553 3752.470758 0.0076652127 0.0070096974 -0.9999460529 115.2108081
315 0.4738299307 0.8804881396 0.0150277343 941.5703509 0.8805384236 -0.4739460488 0.0052179879 3753.219727 0.0117167118 0.0107600587 -0.9998734619 115.1999187
316 0.4804681987 0.876926323 0.0122692326 941.9713522 0.8770036281 -0.4804781811 -0.0023138246 3753.97433 0.0038660449 0.0118718806 -0.999922053 115.2115738
317 0.4879368634 0.8728488215 0.0072492781 942.385866 0.8728685873 -0.4878738386 -0.0089189046 3754.726188 -0.0042481223 0.0106795294 -0.9999339484 115.2263317
318 0.4963989807 0.8680780066 0.0053503671 942.8048053 0.8680629577 -0.4963189831 -0.0115831147 3755.473157 -0.0073995584 0.0103943018 -0.9999185992 115.2268443
319 0.5056423472 0.862711925 0.0073451505 943.2259058 0.8627284634 -0.5055656402 -0.010148002 3756.219891 -0.0050413466 0.0114681299 -0.9999215303 115.22044
320 0.5147002517 0.857308896 0.0102522029 943.6565358 0.8573576625 -0.5145912759 -0.0115610292 3756.96528 -0.0046356791 0.0147402693 -0.9998806103 115.2134342
321 0.5240231911 0.8516434109 0.0101585353 944.1007092 0.8516912195 -0.5239127278 -0.011726902 3757.704972 -0.0046649528 0.0147971039 -0.9998796347 115.2101083
322 0.5338465787 0.8455471817 0.0076022318 944.5556941 0.8455517994 -0.5337311723 -0.0131601784 3758.445855 -0.0070700036 0.013453597 -0.9998845012 115.2083245
323 0.5438783651 0.8391225556 0.0083462963 945.0200593 0.8391373127 -0.5437547136 -0.0133933515 3759.185811 -0.0067003254 0.0142880428 -0.999875471 115.2018007
324 0.5538582409 0.8325619382 0.0090370389 945.493177 0.8325761912 -0.5537032508 -0.0151524205 3759.925795 -0.0076114907 0.0159163164 -0.9998443559 115.1945704
325 0.5633828971 0.8261739579 0.0060251664 945.9824718 0.8261622639 -0.5632791287 -0.0131353306 3760.658328 -0.0074582176 0.0123779857 -0.9998955748 115.1892682
326 0.5724167709 0.8199574421 0.0029721284 946.4813673 0.8199210063 -0.5723472053 -0.0121745694 3761.38777 -0.0082815394 0.0094058382 -0.9999214701 115.1847813
327 0.5814003256 0.8136165641 0.0013221528 946.9883757 0.8135816248 -0.5813585336 -0.0103535095 3762.113501 -0.007655142 0.007095213 -0.9999455269 115.1780318
328 0.5897098011 0.8076151942 -0.0002203366 947.5041898 0.807597595 -0.5896987092 -0.0064464591 3762.832855 -0.0053361905 0.0036235968 -0.9999791971 115.1703212
329 0.5963674433 0.8027050366 -0.0032398626 948.0306087 0.8027001916 -0.5963756236 -0.0029185715 3763.54547 -0.0042749271 -0.0008600973 -0.9999904926 115.1644521
330 0.6020045471 0.7984618546 -0.0070136978 948.5646181 0.798488011 -0.6020077876 0.0018761559 3764.255452 -0.0027242617 -0.006729808 -0.9999736437 115.1603706
331 0.6055245965 0.7957532444 -0.0108044955 949.1027452 0.7958187585 -0.605523064 0.003784522 3764.962956 -0.0035308256 -0.0108900414 -0.999934468 115.1598754
332 0.6069115915 0.7946459363 -0.0140055684 949.6439723 0.7947622923 -0.6068862262 0.0064812987 3765.667265 -0.0033494489 -0.0150646729 -0.9998809113 115.1603177
333 0.6064575062 0.7949663948 -0.0154183103 950.1842061 0.7951126488 -0.6063964426 0.0089011261 3766.370077 -0.0022735124 -0.0176574483 -0.9998415103 115.1578353
334 0.6044629734 0.7964485858 -0.0171512085 950.7252136 0.7966287147 -0.6043919769 0.0096451656 3767.078201 -0.0026841743 -0.0194932906 -0.9998063847 115.1550104
335 0.601582161 0.7985947888 -0.0185813592 951.2652366 0.7988033441 -0.6015150543 0.0096362246 3767.787321 -0.0034815285 -0.0206398327 -0.9997809141 115.1553262
336 0.5992014986 0.8003051089 -0.0216632574 951.8041174 0.8005794889 -0.59915332 0.0093691576 3768.4999 -0.0054814279 -0.0229571728 -0.9997214223 115.1548235
337 0.5962987567 0.8024464989 -0.0225257444 952.3426971 0.8027377038 -0.5962664619 0.0088591974 3769.215624 -0.006322314 -0.0233649927 -0.9997070098 115.1543612
338 0.5936444663 0.8043802706 -0.0236353123 952.8796606 0.8047018508 -0.5936037044 0.0094643296 3769.934831 -0.0064170889 -0.0246378264 -0.9996758467 115.1505785
